Delta fr 0°	Delta fr err 0°	Delta n_s 0°	Delta n_s 0° err	Delta fr 45°	Delta fr err 45°	Delta n_s 45°	Delta n_s 45° err	Delta fr 90°	Delta fr err 90°	Delta n_s 90°	Delta n_s 90° err	Delta fr 135°	Delta fr err 135°	Delta n_s 135°	Delta n_s 135° err	fields 0°	fields 45°	fields 90°	fields 135°			
0	3.1612352794803E-5	0	8.0462278209429E-5	0	1.56731100261626E-5	0	3.98930518437243E-5	0	3.14968869969968E-5	0	8.01667536511632E-5	0	1.44831376611735E-5	0	3.68630111018833E-5	0	0	0	0			
-5.89359046653252E-5	3.1051637918781E-5	-1.4999911795832E-4	7.90266807951003E-5	-3.26979190340743E-5	1.45274755404506E-5	-8.3223763088067E-5	3.69749035849416E-5	-2.95232910983708E-5	3.16151838577862E-5	-7.51411836594066E-5	8.0463522767377E-5	4.36839421270648E-5	1.34009018321687E-5	1.11191042386012E-4	3.4111105335526E-5	0.005	0.005	0.005	0.005			
-2.12970620273349E-5	2.89948630092992E-5	-5.42057718485788E-5	7.37972583565799E-5	-3.88881250696594E-6	1.31480512464622E-5	-9.89822492500977E-6	3.34657521749606E-5	-8.64236160186383E-5	3.18939848092369E-5	-2.19947924676847E-4	8.1164658203921E-5	9.68741377965151E-7	1.33813474250093E-5	2.46567844421493E-6	3.40587527762716E-5	0.01	0.01	0.01	0.01			
4.81087909471849E-5	3.13051925062969E-5	1.22456484426966E-4	7.96874176934817E-5	-7.71740942970893E-5	1.26636956678071E-5	-1.96416779502234E-4	3.22289732306256E-5	-1.71230731721195E-4	2.71535726751163E-5	-4.3574323500677E-4	6.9091632979066E-5	-1.91018306534255E-5	1.32940335203669E-5	-4.8617706542667E-5	3.38353177954052E-5	0.015	0.015	0.015	0.015			
-2.52885250842339E-5	3.16473382218762E-5	-6.43646668381432E-5	8.05476215995184E-5	-1.26209683740215E-4	1.34901671879091E-5	-3.21201425018925E-4	3.43293031368168E-5	-2.69897639257135E-4	3.12438366798829E-5	-6.86757235494784E-4	7.94837692811328E-5	-4.61936439065526E-5	1.19748032834097E-5	-1.17568073472905E-4	3.04763250916964E-5	0.02	0.02	0.02	0.02			
-4.0568115078539E-5	2.96830923662252E-5	-1.03252819205992E-4	7.55463112911701E-5	-2.37261185730499E-4	1.32394082922125E-5	-6.03755460836713E-4	3.36848478814276E-5	-4.37368214500931E-4	3.03194962208683E-5	-0.00111269303556732	7.71094169993089E-5	-2.01951460566943E-4	1.38670864729854E-5	-5.13905751438676E-4	3.52822358758356E-5	0.025	0.025	0.025	0.025			
-8.52747372074403E-5	2.96968678717463E-5	-2.17028707689969E-4	7.55753503924088E-5	-3.92808050903174E-4	1.42289451717075E-5	-9.99411066002845E-4	3.61921626942567E-5	-6.89511038011253E-4	2.71254681137049E-5	-0.00175369859747397	6.89585082530886E-5	-3.30373953745256E-4	1.27417668940901E-5	-8.40589562521668E-4	3.24121898546137E-5	0.03	0.03	0.03	0.03			
-7.59868844110357E-5	3.39019209330581E-5	-1.93392509472352E-4	8.627771691037E-5	-5.38121602037847E-4	1.49223931453011E-5	-0.00136892056694312	3.79456686190075E-5	-0.00102332878429428	2.46321960053499E-5	-0.0026018212909431	6.25890636310445E-5	-5.14757099014785E-4	1.39698020805612E-5	-0.00130947393458384	3.55235634789887E-5	0.035	0.035	0.035	0.035			
-1.33460480312204E-4	3.06463547324723E-5	-3.39646860968966E-4	7.79848012131067E-5	-7.50669843510441E-4	1.62170825141529E-5	-0.00190919520458797	4.12207784684589E-5	-0.00144728957466147	2.26171413945454E-5	-0.00367811573032316	5.74356742005441E-5	-7.24174262325495E-4	1.58340044570208E-5	-0.0018418004276262	4.02469646127301E-5	0.04	0.04	0.04	0.04			
-2.10450407171919E-4	3.04639171864509E-5	-5.35537325211984E-4	7.7509869277698E-5	-0.00103161718367281	2.06064154170861E-5	-0.00262296474958963	5.23454001732653E-5	-0.00197327786509522	3.05747311799626E-5	-0.00501209929408597	7.75434473626462E-5	-9.27424789785443E-4	2.14447000314731E-5	-0.00235822893426593	5.44824006871226E-5	0.045	0.045	0.045	0.045			
-3.72171688139594E-4	3.00184205308009E-5	-9.46912619515791E-4	7.63544383446375E-5	-0.00132826725733347	1.76748026742585E-5	-0.00337617361575303	4.48760051310119E-5	-0.00257955352027477	3.8209668288844E-5	-0.00654788597868538	9.67754596413792E-5	-0.00133155476072899	2.42994752928337E-5	-0.00338440993599918	6.16839599183444E-5	0.05	0.05	0.05	0.05			
-4.45663058982357E-4	3.11367071475214E-5	-0.00113380888140722	7.91877354889745E-5	-0.00165983894979643	1.69291887614306E-5	-0.00421749773207209	4.2957535586917E-5	-0.00340559727652591	3.94304484983439E-5	-0.00863725053898716	9.97064882264506E-5	-0.0017200453362582	2.22591866150859E-5	-0.00437006225999519	5.64627660123092E-5	0.055	0.055	0.055	0.055			
-5.1972093180011E-4	3.02031007932478E-5	-0.0013221167764539	7.68037701325872E-5	-0.00200790920606334	1.45658735266147E-5	-0.00510005812248226	3.69428171719325E-5	-0.00421502891385215	4.2856878973914E-5	-0.0106811040232395	1.08190708581782E-4	-0.00209227964717554	2.09872558715361E-5	-0.00531372005728743	5.31988571656838E-5	0.06	0.06	0.06	0.06			
-6.39716677386162E-4	2.95210326865836E-5	-0.0016271696128495	7.50538574901562E-5	-0.00235198630895771	1.21924148872953E-5	-0.00597186296900197	3.09139482278892E-5	-0.00485161683614523	4.12887984964986E-5	-0.012286094427866	1.04108965372725E-4	-0.00249786332430816	1.54051122466798E-5	-0.00634108740772014	3.90288690723892E-5	0.065	0.065	0.065	0.065			
-6.33525552461704E-4	3.01576177122551E-5	-0.0016114324248693	7.66725133174658E-5	-0.00271683104623686	1.13266165296129E-5	-0.00689560351576004	2.8707014430475E-5	-0.00496452819120708	4.10219185436572E-5	-0.012570548347474	1.03414518304206E-4	-0.0029343057310718	1.08706781658886E-5	-0.00744564996528544	2.75380920881488E-5	0.07	0.07	0.07	0.07			
-6.71342730841096E-4	3.13383609311944E-5	-0.00170755653525671	7.96678462951818E-5	-0.00319555894629113	1.72026248561847E-5	-0.00810661440498981	4.35259782504342E-5	-0.00666303767898913	4.52185237566583E-5	-0.0168414708366208	1.13599681793602E-4	-0.00349749506706406	1.189681884459E-5	-0.00886950073144953	3.01018768769207E-5	0.075	0.075	0.075	0.075			
-8.1088414676741E-4	3.13134666190174E-5	-0.00206217867284469	7.95844450583096E-5	-0.00380801210359472	3.06412029562706E-5	-0.009654138250297	7.73943910113413E-5	-0.00702124898435361	4.62537781477639E-5	-0.0177402666193563	1.16114331232289E-4	-0.00431137702424944	1.88679560634391E-5	-0.0109241945533358	4.76254627767292E-5	0.08	0.08	0.08	0.08			
-8.18479914942811E-4	2.93674129287935E-5	-0.00208147913197195	7.46397616139915E-5	-0.00418820311448492	3.0389141934076E-5	-0.0106137956267141	7.66992413306484E-5	-0.00883472047104571	4.70302100913904E-5	-0.0222801978779641	1.1763962585728E-4	-0.00437271295467751	1.84571426146346E-5	-0.0110788993662206	4.65844509359717E-5	0.085	0.085	0.085	0.085			
-9.01139688122303E-4	2.66947101858194E-5	-0.00229149358691895	6.78409555789822E-5	-0.00447378184711508	1.88630911868519E-5	-0.0113341370362796	4.76055634950888E-5	-0.00931351979942634	4.85382408514439E-5	-0.0234759855569778	1.21289191189408E-4	-0.00503504823824514	1.9281636871926E-5	-0.0127482162042246	4.86000682454721E-5	0.09	0.09	0.09	0.09			
-9.40789589156446E-4	2.59452892245317E-5	-0.00239221958467248	6.59333216921137E-5	-0.00520059467426714	2.89500828613569E-5	-0.0131655075709329	7.29209501321213E-5	-0.00968760744737439	4.85456570617699E-5	-0.024409428739678	1.21218117764832E-4	-0.00543135072491703	6.79540888023177E-5	-0.0137459343386845	1.71019611405943E-4	0.095	0.095	0.095	0.095			
-9.81594494545574E-4	2.29727210301808E-5	-0.00249587102315684	5.83816512473155E-5	-0.00508273643387372	3.20459864968771E-5	-0.0128687255830999	8.07322288870061E-5	-0.0101149458665749	4.70228103436603E-5	-0.0254748559551275	1.17325297812493E-4	-0.00494360763120957	5.10143157800292E-5	-0.0125178911419781	1.2852341522519E-4	0.1	0.1	0.1	0.1			
-0.00100883733145133	2.32684199086665E-5	-0.00256506756770432	5.91298099288766E-5	-0.00505723587049723	4.6472632626859E-5	-0.0128045023248505	1.17062752297541E-4	-0.00994190725699366	4.83915126880724E-5	-0.0250435556365912	1.20773424335597E-4	-0.00405166040800061	6.10382258831469E-5	-0.0102689036381908	1.54056777475576E-4	0.105	0.105	0.105	0.105			
-0.00102228794670314	2.31275090088891E-5	-0.00259923054876954	5.87708384161125E-5	-0.00628725630896548	8.11068729386967E-5	-0.0158984228093082	2.03762577379225E-4	-0.0102248856015549	4.58824717597237E-5	-0.0257488009709245	1.14462337688989E-4	-0.00852343618143986	6.23476093893195E-5	-0.021502205665893	1.55909908622116E-4	0.11	0.11	0.11	0.11			
-0.0011055917666277	2.46133928664371E-5	-0.00281079106579946	6.25343568852441E-5	-0.00799284989097073	5.82367365846895E-5	-0.0201754552256159	1.45800380566584E-4	-0.0106207414302537	4.37133372811957E-5	-0.0267346647804713	1.08981119923644E-4	-0.00828422698818714	6.13263627773441E-5	-0.0209039502250957	1.53432719882552E-4	0.115	0.115	0.115	0.115			
-0.00113889351652028	2.38756394957432E-5	-0.00289535473956825	6.0658597914472E-5	-0.0086098633442365	4.57771789991079E-5	-0.021718965723307	1.14472664305346E-4	-0.0103340344858498	4.70036152132701E-5	-0.0260207132926232	1.17226988380017E-4	-0.00934399099901982	5.96759184385296E-5	-0.0235521246826993	1.48977457763323E-4	0.12	0.12	0.12	0.12			
-0.00117659426101181	2.34819537122112E-5	-0.00299108174945999	5.96558956094806E-5	-0.00825048558434343	4.44834061249535E-5	-0.020820193834585	1.11321244067146E-4	-0.0100454939186685	4.05372722450114E-5	-0.0253017650221617	1.01199119135382E-4	-0.00994000020152669	5.13667939786346E-5	-0.0250388848049408	1.28083189628518E-4	0.125	0.125	0.125	0.125			
-0.00115049137780726	2.27861431356369E-5	-0.00292480399523168	5.7892637960574E-5	-0.00938968624205402	4.72900537311479E-5	-0.0236669191794804	1.18064386953592E-4	-0.0100492457495913	3.52971573096157E-5	-0.0253111161258928	8.8162107031615E-5	-0.00957032452370755	4.54697175453375E-5	-0.0241169369227093	1.13471690763543E-4	0.13	0.13	0.13	0.13			
-0.00121945139135768	2.33424235810831E-5	-0.00309989232292174	5.92977828349754E-5	-0.0090941251901637	5.13608780357172E-5	-0.0229289970342131	1.28300336026604E-4	-0.0099616182074184	3.4583548596349E-5	-0.025092693210005	8.64015137894884E-5	-0.009912581118548	4.86515093538352E-5	-0.0249705277210012	1.21322409121115E-4	0.135	0.135	0.135	0.135			
-0.00121696943043723	2.29694307197113E-5	-0.0030935911031267	5.83516414317846E-5	-0.00990586822145809	3.99606292635306E-5	-0.0249545720180504	9.96715129388404E-5	-0.00998717842791332	4.33563367354375E-5	-0.0251564094663239	1.08227103452355E-4	-0.0100278904071389	3.71649034266213E-5	-0.0252579729632931	9.26718621168525E-5	0.14	0.14	0.14	0.14			
-0.0013083180751814	2.27982283726914E-5	-0.003325486150475	5.79089636723383E-5	-0.00940539542712211	3.61056677433399E-5	-0.0237061273066486	9.01563055637431E-5	-0.0099012862567681	3.59160845786775E-5	-0.0249422848802036	8.97265102172634E-5	-0.00978210816904156	3.80569124453665E-5	-0.0246451989051399	9.49420673004476E-5	0.145	0.145	0.145	0.145			
-0.00136499974886678	2.29324674734173E-5	-0.00346935436661698	5.82442741875067E-5	-0.00972741947634247	3.78197372891492E-5	-0.0245095755345965	9.43704047992553E-5	-0.0100184123344468	3.96036050360307E-5	-0.0252342644220104	9.88810089127452E-5	-0.00933140072074506	3.75852801618745E-5	-0.0235206979905817	9.38528422734595E-5	0.15	0.15	0.15	0.15			
-0.00135283791000642	2.30828653278264E-5	-0.00343848688227678	5.86268491430962E-5	-0.00928019422513852	5.89822337111615E-5	-0.0233936053746984	1.47273928371143E-4	-0.00979814542466953	3.3725062557471E-5	-0.0246851096563854	8.42918415214668E-5	-0.00947880306831397	3.50890353222527E-5	-0.0238885784579059	8.75979902316433E-5	0.155	0.155	0.155	0.155			
-0.00140448281740287	2.29029402323317E-5	-0.00356955938112715	5.81657708534459E-5	-0.0094978477963349	3.29120632408076E-5	-0.0239368506477546	8.21743525865001E-5	-0.00990840758658139	3.37197293368057E-5	-0.024960039431434	8.42613131215396E-5	-0.0095395863560825	3.22658776077224E-5	-0.0240402458764844	8.05465089123513E-5	0.16	0.16	0.16	0.16			
-0.00140671503930019	2.31602571438077E-5	-0.00357522434302398	5.88181172990509E-5	-0.00932747543595763	3.13107309586976E-5	-0.0235116363129975	7.82077763591032E-5	-0.00978609591265363	4.08619536806019E-5	-0.0246550613443843	1.02058135103814E-4	-0.00917512426296639	3.07831238273439E-5	-0.023130546445062	7.6905719395385E-5	0.165	0.165	0.165	0.165			
-0.0014381266674563	2.32827254966439E-5	-0.003654938381314	5.91257436882592E-5	-0.00874947154343453	6.00353838877719E-5	-0.0220679318623694	1.50067166537074E-4	-0.00976710365058056	3.34058532559694E-5	-0.0246076981088649	8.35024562570571E-5	-0.00883760301329285	3.75349813952494E-5	-0.0222874749509179	9.38220544420558E-5	0.17	0.17	0.17	0.17			
-0.0015341127508148	2.34139264516524E-5	-0.00389849213590801	5.944933510428E-5	-0.00902210687275865	2.92461727197829E-5	-0.0227491212543453	7.31024338472283E-5	-0.00981186492979872	3.36315381976734E-5	-0.0247193215731061	8.40570098377715E-5	-0.00887417698594385	3.49815966585528E-5	-0.0223788592603594	8.7437766593187E-5	0.175	0.175	0.175	0.175			
-0.0015335932408088	2.34654888966916E-5	-0.00389717406990898	5.95801062306886E-5	-0.00934873706354021	4.62062873057515E-5	-0.0235647092048029	1.15369866555724E-4	-0.0098862829697069	3.53262471307975E-5	-0.0249048785563145	8.82614578225092E-5	-0.00943854669481912	3.25339537203051E-5	-0.023788119542724	8.12317142959492E-5	0.18	0.18	0.18	0.18			
-0.00161086696294923	2.33822160663217E-5	-0.00409321206282998	5.93616733328444E-5	-0.00932070697177874	5.11990897712254E-5	-0.0234947405010527	1.27836686107514E-4	-0.0097172286872179	3.94320014113637E-5	-0.0244833101267318	9.8510894113939E-5	-0.00934120990254158	3.60786702910701E-5	-0.0235451828369816	9.00917759344737E-5	0.185	0.185	0.185	0.185			
-0.00167531196470143	2.291695483041E-5	-0.00425668029064086	5.81764892160637E-5	-0.00935037052103636	4.5376468600666E-5	-0.0235687865146897	1.13298759461923E-4	-0.00980213886890216	3.35253176284236E-5	-0.0246950680889105	8.37942539633832E-5	-0.00925808098049551	3.73642956738843E-5	-0.0233376676269859	9.33154299711383E-5	0.19	0.19	0.19	0.19			
-0.00159813292258839	2.51155130860639E-5	-0.00406090887714653	6.37566488820403E-5	-0.00940051976290656	4.0627013281564E-5	-0.0236939584065191	1.01437093489527E-4	-0.00980826100871339	3.41168356107011E-5	-0.0247103346783667	8.52650078303825E-5	-0.00881703520234499	5.93780020226536E-5	-0.0222360808306802	1.48395639181136E-4	0.195	0.195	0.195	0.195			
-0.00175002845702857	2.31558664879769E-5	-0.00444617515778956	5.87749768491005E-5	-0.00927040960286949	3.39469783059747E-5	-0.0233691779791928	8.47945071305528E-5	-0.00982449177789414	3.43435543821755E-5	-0.0247508078995091	8.58265189786959E-5	-0.00908698373938278	2.70942825481529E-5	-0.0229104434137169	6.77125180252252E-5	0.2	0.2	0.2	0.2			
-0.00179183489131466	2.30703727580303E-5	-0.00455219111436873	5.85544845903973E-5	-0.00889816366646251	7.24367800903624E-5	-0.0224394925940115	1.81001435796633E-4	-0.00976195997920985	3.049696674497E-5	-0.0245948704085832	7.62671217884436E-5	-0.0085950281536959	5.40078844483783E-5	-0.0216811971664014	1.35040678725229E-4	0.205	0.205	0.205	0.205			
-0.00185660047051309	2.49007986206534E-5	-0.00471641034442902	6.31853225238557E-5	-0.00861336968241721	9.1355067526483E-5	-0.0217277314470416	2.28399147891918E-4	-0.00982017727880556	3.26113044858265E-5	-0.0247400493516164	8.15176722908588E-5	-0.00857601282969289	5.9858538631874E-5	-0.0216336583888351	1.49670876745995E-4	0.21	0.21	0.21	0.21			
-0.00185177221880903	2.31278624569691E-5	-0.00470416862371674	5.86945560085288E-5	-0.00888313936394133	8.07392323795845E-5	-0.0224019542029815	2.01749099823029E-4	-0.0099035967274286	3.03930904889416E-5	-0.0249480452615384	7.59893500188827E-5	-0.00847519815527792	8.13193219748985E-5	-0.0213815877394089	2.03361691326051E-4	0.215	0.215	0.215	0.215			
-0.00188641513292827	2.55140147555787E-5	-0.00479200076194122	6.4735620595505E-5	-0.00855666430242771	6.95814925631438E-5	-0.0215859621034581	1.73991448245901E-4	-0.00988203918974344	3.09848323217885E-5	-0.024894297715547	7.74636012726764E-5	-0.0085155843285768	5.98874871475049E-5	-0.0214825731390959	1.49761967535327E-4	0.22	0.22	0.22	0.22			
-0.00193348637068169	2.39447971400363E-5	-0.00491133294474808	6.07559371131964E-5	-0.0087520985829407	5.75307395731983E-5	-0.0220744974646811	1.43807702999813E-4	-0.00985087567027088	3.13252834767702E-5	-0.0248165961369298	7.83146067622935E-5	-0.00834341825638192	5.16708983708893E-5	-0.0210520136975209	1.29266401776151E-4	0.225	0.225	0.225	0.225			
-0.00198726859680813	2.40113817152378E-5	-0.005047664059636	6.09192629454401E-5	-0.00859662048368926	7.43054313267319E-5	-0.0216858584535893	1.85785809133794E-4	-0.00970184013740754	2.96851363030174E-5	-0.024444928527939	7.42562545815042E-5	-0.00816444938486499	7.39820919407744E-5	-0.0206042776966485	1.85134996027027E-4	0.23	0.23	0.23	0.23			
-0.0020591240712865	2.46318457328153E-5	-0.00522978466122987	6.24831547310621E-5	-0.00857765455663576	5.54644945367978E-5	-0.0216384418744171	1.38694531562119E-4	-0.00978602367291628	2.93997622614508E-5	-0.0246548811952151	7.35354984622418E-5	-0.00832113661551161	8.30157611531796E-5	-0.0209962796292951	2.0766994498215E-4	0.235	0.25	0.235	0.25			
-0.00208161329118574	2.73750892933596E-5	-0.00528677888001867	6.94270432718901E-5	-0.00859950749785759	6.99046603523192E-5	-0.0216930760927289	1.74783841214827E-4	-0.00980788235683161	3.55285338231379E-5	-0.0247093904516079	8.87778441656403E-5	-0.00842982492169747	7.05891334778808E-5	-0.0212681220804544	1.76548619751627E-4	0.24	0.275	0.24	0.275			
-0.00222653301887735	2.44015233249094E-5	-0.00565398336827036	6.1883019892545E-5	-0.00854750197348338	8.44585414643208E-5	-0.0215630537558964	2.11188274137042E-4	-0.00960565800905672	2.96984264989786E-5	-0.0242050064351463	7.43021138257363E-5	-0.00868786629227482	6.55696314187762E-5	-0.0219132677367316	1.63909291445665E-4	0.25	0.3	0.25	0.3			
-0.00240037794163355	2.52893869440405E-5	-0.00609433324873258	6.41115979687336E-5	-0.00848827936544849	2.81929989799567E-5	-0.0214149703571252	7.05491050222677E-5	-0.00975375802647553	3.56620138151455E-5	-0.0245744154364624	8.9119091770467E-5	-0.00880175805536123	4.07563400019886E-5	-0.0221979054086147	1.01876184772688E-4	0.27	0.3	0.27	0.325			
-0.00267506321252225	2.70260862245524E-5	-0.00678978626354196	6.84733133674262E-5	-0.00854399726204553	5.07971413722101E-5	-0.0215542908956662	1.27036625477079E-4	-0.0097696540067466	2.98041404538168E-5	-0.024614058340666	7.45431469012769E-5	-0.00886004384514921	4.51309600178342E-5	-0.0223435467960811	1.12791453617221E-4	0.29	0.31	0.29	0.35			
-0.00302244570834291	2.43909787411531E-5	-0.00766872420186207	6.17757810803708E-5	-0.00862801827112279	4.33673887602985E-5	-0.0217643517172372	1.08445928693866E-4	-0.00992524812345476	4.34131943053019E-5	-0.0250020243861556	1.08381703246422E-4	-0.00906780533644762	4.96768193064212E-5	-0.0228625460719516	1.24094015313625E-4	0.31	0.32	0.31	0.375			
-0.00327684389194453	2.95568281824682E-5	-0.00831199133562707	7.47928310375919E-5	-0.00857702604363338	5.86402398145773E-5	-0.0216368705014376	1.46633161660804E-4	-0.00996439617165158	3.58054485517561E-5	-0.0250996182552227	8.94406064912652E-5	-0.00924440434149894	2.9520699278081E-5	-0.0233035231092807	7.37449565332801E-5	0.33	0.325	0.33	0.4			
-0.00354116864535294	2.84875192948543E-5	-0.00897999672164963	7.20590538538496E-5	-0.00875044038204681	4.40721616260617E-5	-0.0220703532268033	1.10179576067066E-4	-0.00989441866552709	3.78996833193874E-5	-0.0249251626880068	9.46637085164778E-5	-0.00956292854093922	3.60784937545208E-5	-0.0240984845586439	9.00505532186404E-5	0.35	0.33	0.35	0.425			
-0.00386312690603165	2.80636850190024E-5	-0.00979315644990912	7.09495537160369E-5	-0.00873236988131338	6.16121274178674E-5	-0.0220251898247055	1.54012672195462E-4	-0.010217413891795	2.78212568590978E-5	-0.0257301851434251	6.95588772901971E-5	-0.00964305808545365	3.37631948516205E-5	-0.0242983859801548	8.42628176311507E-5	0.37	0.34	0.37	0.45			
-0.00427422700075657	2.82400192556214E-5	-0.0108306645886379	7.13427408790602E-5	-0.00881090492191311	5.73507876522497E-5	-0.0222214592101044	1.43340629999951E-4	-0.0102633285681222	4.60714696703197E-5	-0.0258445773627674	1.149239530615E-4	-0.0099230506179694	2.12068038236551E-5	-0.0249966291442458	5.29351342068451E-5	0.39	0.35	0.39	0.475			
-0.00462731246522635	2.57990622566699E-5	-0.0117210485722159	6.51559399476593E-5	-0.0085606052103303	4.50950247824955E-5	-0.0215958153247632	1.12779169132826E-4	-0.0104709726044392	4.05761036741385E-5	-0.0263617668647605	1.01212713979717E-4	-0.0101439762687729	5.01216703951621E-5	-0.0255472843024822	1.24927238559807E-4	0.41	0.35	0.41	0.5			
-0.00501751175390068	2.62217473337299E-5	-0.0127042603221263	6.61755453746359E-5	-0.00888285884385184	5.70781653329455E-5	-0.0224012533091606	1.42638291706168E-4	-0.0105131290176433	4.83108370593531E-5	-0.026466740652584	1.20436697543755E-4	-0.0104011182215422	2.42295994613438E-5	-0.0261878891078665	6.04055128444452E-5	0.43	0.36	0.43	0.525			
-0.00548309008059652	2.66219841846766E-5	-0.0138763625469983	6.71281327767808E-5	-0.00895543091906202	4.06401234244138E-5	-0.0225825646958339	1.01562232427286E-4	-0.0108047254589424	4.64088402933395E-5	-0.0271925932696807	1.15640346185445E-4	-0.010584296537267	3.29041838130123E-5	-0.0266440227355391	8.19640180008533E-5	0.45	0.37	0.45	0.55			
-0.00601578857545797	2.39602388199192E-5	-0.0152160448992894	6.03934798472551E-5	-0.00898699238159571	5.44941225093774E-5	-0.0226614081272653	1.36153883447762E-4	-0.0109693387461482	3.29220301527964E-5	-0.0276021600510196	8.2116177395786E-5	-0.0110301626184575	2.76644702346141E-5	-0.0277535497813868	6.88657069979886E-5	0.47	0.375	0.47	0.575			
-0.00659308162591899	2.31355181579765E-5	-0.0166661977670524	5.82728961776598E-5	-0.00903153917428182	4.23898327378694E-5	-0.0227726812781585	1.05915302417575E-4	-0.0110410334339355	3.02851999180136E-5	-0.0277804964182808	7.55659095852743E-5	-0.0112150144351968	2.77043046918725E-5	-0.0282132469726777	6.89390588472206E-5	0.49	0.38	0.49	0.6			
-0.00719882174901701	2.31981982651107E-5	-0.0181859328494318	5.83731888198951E-5	-0.00914017493967164	4.65725167610307E-5	-0.0230439985451004	1.1633360794268E-4	-0.011235564515062	5.40788340991691E-5	-0.0282642470157247	1.3458957063527E-4					0.51	0.39	0.51				
-0.00780544535174934	2.34621350702393E-5	-0.0197059614387595	5.89749798988032E-5	-0.00917542154203738	3.03083620334091E-5	-0.0231320135532802	7.57304325939409E-5	-0.0114419353573196	4.41437976054445E-5	-0.0287772259285111	1.09874943022664E-4					0.53	0.4	0.53				
-0.00844967476726084	2.32658125200609E-5	-0.0213181156756336	5.84248379226988E-5	-0.00921887010812226	5.83793409654542E-5	-0.0232405009533755	1.45787549011912E-4	-0.0115995240775612	5.3073600891519E-5	-0.0291687979783041	1.31997156374953E-4					0.55	0.4	0.55				
				-0.00928506706458202	2.53532578112415E-5	-0.0234057702753652	6.33532899515377E-5										0.41					
				-0.00946536702173988	3.05592542277994E-5	-0.0238557969709532	7.63118963022457E-5										0.425					
				-0.00970006924008186	4.5015196952408E-5	-0.0244413577991726	1.12316601869981E-4										0.45					
				-0.00986202866293511	4.19589904010178E-5	-0.0248452649282396	1.04661354633404E-4										0.475					
				-0.0100281752498488	5.55693303149186E-5	-0.0252594726935337	1.38541259291281E-4										0.5					
				-0.0104716651941045	3.63117211582087E-5	-0.0263644026052191	9.04737591896181E-5										0.525					
				-0.010531649083509	3.67411404146039E-5	-0.0265137706667604	9.15314083370774E-5										0.55					
				-0.0106137548027305	5.16294684619562E-5	-0.0267181948364846	1.28567857383078E-4										0.575					
				-0.0111164007356544	3.21403231630012E-5	-0.0279689043841512	7.99875174682261E-5										0.6					
