	25 mT delta fr	25 mT delta fr err	25 mT delta ns	25 mT delta ns err	50 mT delta fr	50 mT delta fr err	50 mT delta ns	50 mT delta ns err	75 mT delta fr	75 mT delta fr err	75 mT delta ns	75 mT delta ns err	100 mT delta fr	100 mT delta fr err	100 mT delta ns	100 mT delta ns err	
0	-1.3626782821039E-4	1.87056487394259E-5	-4.27715378590455E-4	5.87040464962494E-5	-7.98504789559791E-4	6.3224657656993E-5	-0.0025016564455004	1.97859085129192E-4	-0.00147277936075991	4.68562348333116E-5	-0.00460599740744078	1.46326712651304E-4	-0.0114170854384837	0.00109064136217469	-0.0351206569580091	0.00329338545489603	0
15	-5.75361342557703E-5	1.82295377728561E-5	-1.80616849131505E-4	5.72223839935249E-5	-3.32380840921786E-4	5.59680050955111E-5	-0.00104211888365204	1.75400576160139E-4	-0.00106449461937145	5.61961810348428E-5	-0.00333133942963691	1.75644953521988E-4	-0.0013054850008874	6.95329691191684E-5	-0.00408219122174489	2.17064067926631E-4	15
30	-8.84343257744892E-7	1.91451597676491E-5	-2.77637923387401E-6	6.01058127494972E-5	-7.76591478794542E-6	4.43883949154918E-5	-2.43615342964434E-5	1.39244372449406E-4	-2.30410552733377E-4	5.22636004323967E-5	-7.22053724898132E-4	1.63740181250832E-4	-5.25487542615245E-4	5.8247464241625E-5	-0.00164526780441403	1.82261164751067E-4	30
45	0			1.78667509477496E-5	0			5.60924140997123E-5	0			4.19958101502591E-5	0			1.31741772045049E-4	0			5.02091105869616E-5	0			1.57403089801683E-4	0			5.5113811027257E-5	0			1.72705952707768E-4	45
60	-4.23088951568362E-5	1.76192349836741E-5	-1.32818970127432E-4	5.53090388394387E-5	-1.21037959478365E-4	4.43428174652796E-5	-3.79623497119301E-4	1.39057855080413E-4	-3.00897448499674E-4	5.48698441497383E-5	-9.42834835990235E-4	1.71869681198612E-4	-5.33623289304465E-4	5.88354185785583E-5	-0.00167071811603001	1.84095800505771E-4	60
75	-1.23807824122228E-4	1.65696843344958E-5	-3.88614045153613E-4	5.20034426860112E-5	-4.9811077547945E-4	4.94233948903861E-5	-0.00156131114422902	1.54821313728832E-4	-0.00119955651325561	5.20585818947298E-5	-0.00375318844903813	1.62665314482208E-4	-0.00229520394447308	4.62538562463775E-5	-0.00716542959613197	1.44125081221745E-4	75
90	-2.6368349872458E-4	1.84412747171408E-5	-8.27472911879678E-4	5.78542477827149E-5	-0.00100013601292494	6.08889553935773E-5	-0.00313231932163774	1.90437299352948E-4	-0.0019508914569357	7.15824183779666E-5	-0.00609649740685746	2.23102957791422E-4	-0.00855896989888873	0.00112059258535613	-0.026450274346741	0.00341519286472221	90
105	-3.26203697787385E-4	1.75690500652718E-5	-0.00102356449959785	5.510941431103E-5	-0.00149949675400968	7.4401699469737E-5	-0.00469243281355818	2.32320600529365E-4	-0.00704556328741989	0.00116359134801539	-0.0218356934918468	0.00356508638704773	-0.0111359072405406	0.0010561302600774	-0.0342712180808298	0.00319206835635944	105
120	-4.19889687125717E-4	1.69724605278195E-5	-0.00131733087273236	5.32256009205142E-5	-0.00185714995309952	1.06290014488212E-4	-0.00580825664750675	3.31469458969371E-4	-0.00825969557897067	0.00113627401763846	-0.0255482923128091	0.00346772352132162	-0.010891759232667	0.00105321082820775	-0.033533022219878	0.00318575186255397	120
135	-3.65805614860386E-4	1.6140501983573E-5	-0.00114775321499286	5.0625063364984E-5	-0.00188813496706556	7.99456686581657E-5	-0.00590486383897942	2.49320995972859E-4	-0.00739745568391287	0.00116318082497318	-0.0229132213461446	0.00355976582022701	-0.0108512281995576	0.00106037455536153	-0.0334104179732529	0.00320783926135928	135
150	-3.19940165569134E-4	1.49723833929463E-5	-0.00100392104423911	4.69684899452065E-5	-0.00187453661118998	8.91192564071358E-5	-0.0058624671609391	2.77925890241128E-4	-0.00680840186031319	0.00117971552461667	-0.0211087887747222	0.0036172686677973	-0.0109486831170533	0.00106459349665116	-0.0337051869124694	0.00321958995321814	150
165	-2.63307723099591E-4	1.63688910661156E-5	-8.26294188265838E-4	5.13547325630554E-5	-0.00143332993153291	8.15907435589078E-5	-0.00448585935336595	2.54809474693306E-4	-0.00541485373238694	0.00114086427934998	-0.016826213402499	0.00351400148034785	-0.0107652011548231	0.00106743246836374	-0.0331501375430243	0.00323008621133447	165
180	-1.49630366100235E-4	1.76695673415938E-5	-4.69647221456072E-4	5.54509822224046E-5	-8.62167469935469E-4	5.79881612803643E-5	-0.00270082573808146	1.81444168608186E-4	-0.00232658215026364	4.36559057017112E-5	-0.00726607162809697	1.36059223837615E-4	-0.0113864872213871	0.0010964540482332	-0.03502825713771	0.00331126387439754	180
195	-8.40227200451196E-5	1.83193479617124E-5	-2.63751818189497E-4	5.75001113295005E-5	-3.48341863198264E-4	5.1707938795172E-5	-0.00109213320479668	1.62045227176424E-4	-0.00107089923795228	5.86917078273056E-5	-0.00335134766143311	1.83434198951595E-4	-0.00132496471043741	5.11848902584122E-5	-0.00414297176043375	1.59840526089859E-4	195
210	-4.44887907040324E-6	1.84560870982989E-5	-1.39670915921765E-5	5.79419190724923E-5	1.00952859560152E-5	4.44977667087155E-5	3.16696555231095E-5	1.39594364592518E-4	-2.38777527121454E-4	5.46812899272319E-5	-7.48263667114486E-4	1.71308937670162E-4	-4.91686157484748E-4	5.67082018759252E-5	-0.00153952278556714	1.77463666983461E-4	210
225	-2.53144414168065E-5	1.78978174364645E-5	-7.9471035634389E-5	5.61860905919081E-5	9.89037623878679E-5	4.16872507802758E-5	3.10313500296879E-4	1.30808704009892E-4	-5.75703403464538E-6	5.16383220337294E-5	-1.80478483941322E-5	1.61881049899097E-4	1.22808289226073E-6	5.43192019144431E-5	3.84835756236169E-6	1.70216507646627E-4	225
240	5.04534855284278E-5	1.73837719490651E-5	1.58411113748716E-4	5.45834804860331E-5	-1.08164662324815E-4	4.3893622742797E-5	-3.39254831810209E-4	1.37654246765089E-4	-3.16433869637345E-4	5.5273289841763E-5	-9.91491625899448E-4	1.73125506219896E-4	-6.14879266337416E-4	5.68571671795857E-5	-0.00192486665914301	1.77869678714828E-4	240
255	-1.18131050024093E-4	1.68420631498667E-5	-3.70798959809635E-4	5.28589476486274E-5	-5.14545826626453E-4	4.72512916256749E-5	-0.00161278288592001	1.48013061468837E-4	-0.00117093500480436	6.75815079090079E-5	-0.00366380826435908	2.11132829005744E-4	-0.00196349806404283	4.67065644850489E-5	-0.00613318553422409	1.45650275361758E-4	255
270	-1.90294674348313E-4	1.71064219325284E-5	-5.97241126141846E-4	5.36782205676154E-5	-9.96670985421415E-4	5.51502666492127E-5	-0.00312148490759034	1.72500829403648E-4	-0.00203681160720252	4.60344939138623E-5	-0.00636410448555627	1.43555243403701E-4	-0.0114769306516008	0.00108516219504946	-0.0353013498619831	0.00327620870651932	270
285	-3.224638833862E-4	1.70345852362653E-5	-0.00101183588212861	5.34341248368357E-5	-0.00149071682496746	8.01424859798316E-5	-0.00466502436066762	2.50243789706683E-4	-0.00673827482208715	0.00113922644963711	-0.0208937407923024	0.00349391649116414	-0.0111002824187787	0.00106108742967961	-0.0341635405607763	0.00320741887074672	285
300	-3.97283998432547E-4	1.74003265754683E-5	-0.00124645562543282	5.45699895931796E-5	-0.00184151541001681	1.03132646437579E-4	-0.00575950648974009	3.21642326619054E-4	-0.00844578007678697	0.00112902744905165	-0.0261160157463767	0.00344353356975966	-0.0108665256999297	0.00105461822839257	-0.0334566939922171	0.00319026842693255	300
315	-4.22864566992638E-4	1.63286302627214E-5	-0.00132665757411826	5.12072451228455E-5	-0.00187672141838124	9.15843814082691E-5	-0.00586927903546244	2.85608050305686E-4	-0.00803656806822426	0.00114613759078371	-0.0248671034509365	0.00350035306416952	-0.0106561902141561	0.0010609045447493	-0.0328202140333102	0.0032114621480685	305
330	-3.45574209638849E-4	1.54397960704522E-5	-0.00108431102199339	4.84308947150631E-5	-0.00181238046981832	5.51351817482834E-5	-0.00566865402302571	1.72040470820112E-4	-0.00631406676321784	0.00120068969064945	-0.0195918422846634	0.00368748787789975	-0.0109797502180789	0.0010649807371651	-0.0337991351528042	0.00322043838422078	307.5
345	-3.01336477269325E-4	1.67062913789835E-5	-9.45574475320518E-4	5.24076606764569E-5	-0.00185060265644793	8.44583388089638E-5	-0.00578784178759049	2.63417183753245E-4	-0.00539648610105034	0.00116373155429638	-0.0167696374969749	0.00358464852857011	-0.0108213485549754	0.00106956928238324	-0.033320023350249	0.00323596601828043	310
360	-1.71149935663329E-4	1.77501040835177E-5	-5.37172090102979E-4	5.5700441946723E-5	-0.00188770522228388	1.00869725511861E-4	-0.00590352401823791	3.14541321792458E-4	-0.00146527055030227	5.27345047591266E-5	-0.00458257036292202	1.64654173265347E-4	-0.00996192811605682	0.0011243984619318	-0.0307162913937219	0.00341129301373421	312.5
													-0.0019175406723754	9.09712435015218E-5	-0.00599653791078288	2.8366038713212E-4																									315
													-0.00184848323960286	4.33047136287824E-5	-0.00578123322640462	1.35161958368818E-4																									317.5
													-0.001898985129541	8.97197086211886E-5	-0.00593869090451674	2.79776070603268E-4																									320
													-0.00182633674420612	9.57619275876293E-5	-0.00571217542324626	2.98677658315741E-4																									330
													-8.78195604774818E-4	6.54772006517149E-5	-0.00275096337350493	2.04855961807799E-4																									360
