angles °	25 mT delta fr	25 mT delta fr err	25 mT delta ns	25 mT delta ns err	50 mT delta fr	50 mT delta fr err	50 mT delta ns	50 mT delta ns err	75 mT delta fr	75 mT delta fr err	75 mT delta ns	75 mT delta ns err	100 mT delta fr	100 mT delta fr err	100 mT delta ns	100 mT delta ns err	angles 50 mT
0	-1.66960683465462E-4	5.14454477729041E-6	-4.26132039968164E-4	1.31287068163337E-5	-8.36740086291789E-4	1.54727917417347E-5	-0.00213382535618163	3.94251912062491E-5	-0.00130806201463488	7.80011726964418E-6	-0.00333372062614676	1.98546518063392E-5													0
15	-1.58033360974127E-4	5.36684252911668E-6	-4.03350716708209E-4	1.36961729769134E-5	-7.20179937973399E-4	1.78294750145905E-5	-0.00183680293941919	4.54405348960643E-5	-0.00174429148572373	7.49745385413537E-6	-0.00444345494304715	1.90678661527467E-5													15
30	-1.15968133620669E-4	4.72391719477254E-6	-2.96000166107809E-4	1.20564691341136E-5	-5.84340064252717E-4	1.30190782428242E-5	-0.00149055935204935	3.31906517464545E-5	-0.00168717445095424	6.20915140397468E-6	-0.00429821150557735	1.57945398222044E-5													30
45	-5.93832069531722E-5	5.84918877331058E-6	-1.51580314557634E-4	1.49297839090355E-5	-3.94955496938119E-4	8.23335533226691E-6	-0.00100766994963931	2.09990001509344E-5	-0.0010675317218853	5.13039851745588E-6	-0.0027213943921424	1.30672245428305E-5	-0.00189040316391228	1.29530283094876E-5	-0.00481476111629963	3.29282622519342E-5	45
60	-5.46203731049671E-5	4.45138901223858E-6	-1.39423504943736E-4	1.13621690241835E-5	-1.83842417047998E-4	9.02624559215057E-6	-4.69150669491656E-4	2.30304375007533E-5	-4.92798780573131E-4	6.51663856398447E-6	-0.00125702180581089	1.66151006606043E-5	-9.39282328404528E-4	6.37334039630354E-6	-0.00239469749370624	1.62359016417312E-5	60
75	-6.17056699139944E-5	5.41471679057496E-6	-1.57508199166876E-4	1.38207864360081E-5	-4.08987344523785E-5	7.50895588950174E-6	-1.04385894696463E-4	1.91644699219586E-5	-1.38012477350849E-4	5.12129599531307E-6	-3.52171023204944E-4	1.3066711393309E-5	-2.36521575589987E-4	6.22884124372732E-6	-6.03456880747998E-4	1.58890100612034E-5	75
90	0			5.31203436348596E-6	0			1.35602339253603E-5	0			6.78315199272772E-6	0			1.73133930952562E-5	0			4.74758356490546E-6	0			1.21163258309163E-5	0			5.50840733664371E-6	0			1.40575482899559E-5	90
105	2.39055431443996E-5	5.34783167025572E-6	6.10261329559286E-5	1.36522132257115E-5	-4.02491140487612E-5	7.15939181400713E-6	-1.02727937900521E-4	1.82723461315178E-5	-7.79722610634932E-5	5.30737122476621E-6	-1.98976976684669E-4	1.35429731190788E-5	-2.46764860033993E-4	5.89965704976359E-6	-6.29584628311005E-4	1.50491023629343E-5	105
120	-5.70240050798347E-5	5.07285909616869E-6	-1.45558627394452E-4	1.29483511020204E-5	-1.78229350539189E-4	7.29907877624703E-6	-4.54829273703472E-4	1.8624054374328E-5	-3.01661852182103E-4	6.1137539077215E-6	-7.69628063183104E-4	1.55938163049278E-5	-8.70803064006379E-4	5.2218889668781E-6	-0.00222026967549531	1.33055082285616E-5	120
135	-1.0338827625032E-4	4.74319686691487E-6	-2.63894496265135E-4	1.21059389632439E-5	-3.14918053020184E-4	9.49368290370261E-6	-8.03534034760928E-4	2.42168012701419E-5	-8.14605350816086E-4	6.94792637482192E-6	-0.00207717678481797	1.77033202078827E-5	-0.00170319461376684	1.40066672405887E-5	-0.00433880396546806	3.56200004332157E-5	135
150	-1.72156224289936E-4	5.1421585317646E-6	-4.39390162490265E-4	1.31224943466282E-5	-5.99755031839634E-4	1.34803788586921E-5	-0.00152985569298864	3.43655059259127E-5	-0.00164492455517596	9.55046461865659E-6	-0.00419076262759814	2.42922971894803E-5													150
165	-1.60374373677054E-4	5.82315303288828E-6	-4.09324706888178E-4	1.48605156479523E-5	-7.11376522014681E-4	1.63616638153489E-5	-0.00181436682525882	4.17006235347525E-5	-0.00205022360998328	1.23178980681508E-5	-0.00522111567918418	3.13038919921308E-5													165
180	-2.26345902842281E-4	5.06693079950323E-6	-5.77664215379002E-4	1.29292745853908E-5	-8.36300835862057E-4	1.55797667496037E-5	-0.00213270618048524	3.96977788051709E-5	-0.00182686628033915	1.47580370103978E-4	-0.00465340431394554	3.75195990251978E-4													180
195	-1.04171903642677E-4	6.12449966841053E-6	-2.65894454930703E-4	1.56311550869424E-5	-7.42135708414593E-4	1.8079970651556E-5	-0.00189275692733159	4.60768266675593E-5	-0.00170729320921248	8.83193588086722E-6	-0.00434937367287479	2.24622570892743E-5													195
210	-9.04974772579814E-5	6.43083812351325E-6	-2.30994374948445E-4	1.64133996326685E-5	-6.53386584280179E-4	1.24446312027752E-5	-0.00166656507316854	3.17218655104013E-5	-0.00150252570386232	8.7642626849636E-6	-0.0038285471077168	2.22994247232931E-5													210
225	-1.28518756604978E-4	5.27131554126918E-6	-3.28030378078823E-4	1.34531338993144E-5	-4.32927077339882E-4	1.01502700338923E-5	-0.00110450463637421	2.58854482972931E-5	-0.00103786876739338	4.80590430323116E-6	-0.002645858928821	1.22418279586499E-5	-0.00221372646133981	1.361640640865E-5	-0.00563633396616127	3.4591322684364E-5	225
240	-3.75140596080873E-6	7.8027801407583E-6	-9.57632010587407E-6	1.99183084787048E-5	-2.06794846610075E-4	8.27575587699655E-6	-5.27710628908369E-4	2.11147499013101E-5	-4.58711671831189E-4	7.1046189900844E-6	-0.00117011500553114	1.81152565966431E-5	-8.68357328108673E-4	6.67760678733507E-6	-0.00221403952389719	1.70130311415672E-5	240
255	-7.94963826947996E-5	4.5389440004787E-6	-2.02916483949303E-4	1.1585145862234E-5	-6.25885279776236E-5	7.70518734075163E-6	-1.59741137471342E-4	1.96644791919539E-5	-2.95891304020009E-5	5.08830515809315E-6	-7.55121799566007E-5	1.29851665224814E-5	-1.61328229027999E-4	6.26238826926067E-6	-4.11642490753061E-4	1.59768467572803E-5	255
270	3.40282609423328E-5	7.24573533465218E-6	8.68683591104701E-5	1.84976983258893E-5	-1.97676295946395E-5	7.36929734134759E-6	-5.04540694745146E-5	1.88087814558686E-5	1.35584589368313E-4	5.05628654409781E-6	3.46075305021748E-4	1.29074239430465E-5	9.9737049088205E-6	5.86693457386486E-6	2.54533299626273E-5	1.49727937047463E-5	270
285	-3.16516800410956E-5	5.12161532426414E-6	-8.07957658025752E-5	1.30733956979789E-5	-2.44454039832515E-5	7.31775931499324E-6	-6.23931176614943E-5	1.86770781465287E-5	1.39973604382988E-5	5.12014757998685E-6	3.57232421810721E-5	1.30674893161778E-5	-1.54627474226431E-4	5.68400336011938E-6	-3.94547734582266E-4	1.45015349142066E-5	285
300	4.7572601153297E-6	6.16066277079912E-6	1.21441012364946E-5	1.57267023698057E-5	-1.08673877129984E-4	8.14513852943776E-6	-2.77348699696086E-4	2.07854205612296E-5	-2.72501680575371E-4	6.47081559080141E-6	-6.95253219502416E-4	1.65053945809016E-5	-8.14375431801045E-4	6.04406159820402E-6	-0.00207652044117924	1.54010130452197E-5	300
315	-4.35862810270015E-5	5.40182417216971E-6	-1.11259266664177E-4	1.37883390253926E-5	-2.26506817870102E-4	7.42915155035575E-6	-5.78000747806852E-4	1.89541997101331E-5	-7.665739745199E-4	9.36994204922726E-6	-0.0019547994538156	2.38758226361961E-5	-0.00167904519900096	1.86691236480474E-5	-0.00427739308937268	4.74778558303928E-5	305
330	-8.41918585328296E-5	5.7853581887374E-6	-2.14900739984929E-4	1.47661777567028E-5	-2.45630393263454E-4	7.89240569906567E-6	-6.26787729317564E-4	2.0135261272575E-5	-0.00158717639772429	9.43017818600187E-6	-0.00404388351466837	2.39892258483142E-5													307.5
345	-2.25388507961689E-4	4.98573621897937E-6	-5.75221398668302E-4	1.27221411071954E-5	-2.42151634984049E-4	7.7726406195513E-6	-6.17913064500346E-4	1.98298757682967E-5																									310
360	-2.06449225437612E-4	5.33858260986209E-6	-5.26896338872547E-4	1.36228515462552E-5	-3.30797194160391E-4	8.06557500187872E-6	-8.44036600718522E-4	2.0573664297294E-5	-0.0014964646683062	9.05349000611744E-6	-0.00381312743350465	2.3035430135213E-5													312.5
													-3.56783596114828E-4	8.82861913985094E-6	-9.10316608095298E-4	2.25186600554994E-5																									315
													-4.21086529581672E-4	9.51494686110777E-6	-0.00107430983821441	2.42659758150062E-5																									317.5
													-4.50335753412744E-4	1.053819266878E-5	-0.00114889745441936	2.68737026211559E-5																									320
													-6.49442443384472E-4	1.40882466123025E-5	-0.00165651179588108	3.59113739124741E-5																									330
													-9.22052493512885E-4	2.06839812876074E-5	-0.00235117507900312	5.26931206363343E-5																									360
