angles °	25 mT delta fr	25 mT delta fr err	25 mT delta ns	25 mT delta ns err	50 mT delta fr	50 mT delta fr err	50 mT delta ns	50 mT delta ns err	75 mT delta fr	75 mT delta fr err	75 mT delta ns	75 mT delta ns err	100 mT delta fr	100 mT delta fr err	100 mT delta ns	100 mT delta ns err	angles 50 mT
0	0			9.91077417034105E-6	0			2.52261609262595E-5	0			2.05279801167052E-5	0			5.22395536557979E-5	0			1.17879230579218E-5	0			2.99901875047415E-5	0			1.75307248804963E-5	0			4.45974641304775E-5	0
15	-6.53230479904077E-5	9.55197859584269E-6	-1.66257163843393E-4	2.43100548180603E-5	-8.46631651252744E-5	1.84705389920947E-5	-2.15431559226407E-4	4.69968062834925E-5	-2.25861761857137E-4	1.21504590276013E-5	-5.74489619742113E-4	3.08997413968099E-5	-4.27665670744246E-4	1.5743245871236E-5	-0.00108747881864239	4.00202105924042E-5	15
30	-1.58914855756111E-4	9.75579775365863E-6	-4.04423085983174E-4	2.4824556507554E-5	-3.98909960786967E-4	1.94090234351677E-5	-0.00101472213734114	4.93568770675052E-5	-9.29200018552093E-4	1.0297844788336E-5	-0.00236172783366028	2.61570737627025E-5	-0.0020301917769943	1.8435858284192E-5	-0.00515379834135731	4.67249757885483E-5	30
45	-2.45186950968187E-4	9.83828465184619E-6	-6.23921041703451E-4	2.50305158548347E-5	-9.37336941370831E-4	1.75269131473572E-5	-0.00238299849943054	4.4530740146287E-5	-0.00238163518108655	2.78821684943521E-5	-0.00604418654090282	7.0592622109174E-5	-0.00455060233888955	3.90887878249357E-5	-0.0115217550770468	9.85249345752341E-5	45
60	-3.5357405521627E-4	1.06604995794719E-5	-8.99629052049543E-4	2.71166653890577E-5	-0.00157572965356988	1.61339447987069E-5	-0.00400331974697826	4.09510184390424E-5	-0.00406495029911739	1.55204155390491E-5	-0.010298071921605	3.91773819341642E-5	-0.00724804317334234	5.51119779033614E-5	-0.0183000210379296	1.3812643801651E-4	60
75	-4.5135485862359E-4	1.05006632582741E-5	-0.00114830385727211	2.67053386626308E-5	-0.0021484303004419	1.48258109601155E-5	-0.00545506902326952	3.76016649687643E-5	-0.00411771805129253	3.23137011756408E-5	-0.0104311793732191	8.15193536927874E-5	-0.00784204053558862	5.36974901413609E-5	-0.0197875364348776	1.34418561944705E-4	75
90	-4.11439186162812E-4	9.23801964610319E-6	-0.00104679700309393	2.34965952179701E-5	-0.00239245812651197	1.96560063628686E-5	-0.00607313228486009	4.980638857827E-5	-0.00403200848845755	4.5501957860722E-5	-0.0102149682797005	1.14801953442506E-4	-0.00835907187103561	5.42202180925247E-5	-0.0210808127848022	1.35582358424432E-4	90
105	-4.47187059777316E-4	9.37308197638501E-6	-0.00113770540515865	2.38385115990325E-5	-0.00212512611979615	1.48206481971951E-5	-0.00539602871366984	3.75899769576858E-5	-0.00419205256604315	3.94647642006788E-5	-0.0106186644587647	9.95395882346504E-5	-0.00822375861947222	4.78533958389022E-5	-0.020742481496592	1.19702640877916E-4	105
120	-3.7551584753808E-4	1.02351474430133E-5	-9.55435542244493E-4	2.60338505363332E-5	-0.00159544731226585	1.56433430154349E-5	-0.00405333126474791	3.97062558768366E-5	-0.00427846232364602	1.86412321631963E-5	-0.0108365689631039	4.70261087947008E-5	-0.00743700811049792	6.28812804369605E-5	-0.0187734353180635	1.57529961562304E-4	120
135	-2.37821292681812E-4	1.18549812380369E-5	-6.05182496048847E-4	3.01611710690259E-5	-9.77742008941456E-4	2.15139750436088E-5	-0.00248561571960922	5.46502049419657E-5	-0.0026384394987904	2.75642843206896E-5	-0.00669411971691853	6.97514786420089E-5	-0.00514332751590053	3.94843407072363E-5	-0.013014453367973	9.94016460370608E-5	135
150	-1.35186990556694E-4	1.50497879262951E-5	-3.44046474560068E-4	3.82964184802287E-5	-4.18554192487352E-4	2.55229226177345E-5	-0.00106467005507267	6.48986749956349E-5	-0.00103089097440918	2.0084900001939E-5	-0.00261991551964061	5.09939469672902E-5	-0.00238683836034164	2.60447219407476E-5	-0.00605692043436267	6.59467734087481E-5	150
165	-3.24204235747831E-5	1.24721286655774E-5	-8.25177824078029E-5	3.17436711809219E-5	-8.6719395779919E-5	2.23538410837643E-5	-2.2066331310399E-4	5.68768258283778E-5	-1.81969287486503E-4	1.7042426223776E-5	-4.62868333827795E-4	4.33429597470188E-5	-4.8417831875244E-4	1.9215685130651E-5	-0.00123110795918417	4.88398930070656E-5	165
180	-3.93733964608644E-5	9.9365756336462E-6	-1.00214043800786E-4	2.5290022329416E-5	-8.21034288146399E-6	2.28796197524837E-5	-2.08934812809222E-5	5.82231063791565E-5	8.26206033526524E-5	1.55642734674918E-5	2.10216943526909E-4	3.96040931101238E-5	-1.8228219729892E-6	1.99393342508224E-5	-4.63717749360815E-6	5.07246965832535E-5	180
195	-2.13000429846013E-5	1.05342699356028E-5	-5.4214367048767E-5	2.68121053578992E-5	-1.25396653090074E-4	2.08082086613811E-5	-3.19067292894295E-4	5.29405649572749E-5	-1.67868780590269E-4	1.26787511413906E-5	-4.27007698575221E-4	3.22465504732774E-5	-4.36445856148862E-4	1.59756866519184E-5	-0.00110979512057987	4.06102911876745E-5	195
210	-4.72235329529033E-5	1.04037363261145E-5	-1.20193399398734E-4	2.64786059032414E-5	-4.26289531409648E-4	1.96365293744171E-5	-0.00108433755987827	4.99328315335672E-5	-8.76945042101412E-4	1.03455329927745E-5	-0.00222903403124286	2.62805085395276E-5	-0.00195706544542401	1.59540430271877E-5	-0.00496854037361272	4.04468517043528E-5	210
225	-2.38805347617753E-4	8.38423512173694E-6	-6.07685990051191E-4	2.13319080059224E-5	-9.38687878616377E-4	1.91042402441256E-5	-0.0023864296304249	4.85354647378504E-5	-0.00233699246855985	2.76263304258112E-5	-0.0059311669990671	6.99513992220445E-5	-0.00445703831844484	4.33235330069802E-5	-0.0112859581221476	1.09214643763916E-4	225
240	-3.22063427695755E-4	9.75492228542793E-6	-8.19480824042183E-4	2.48150025672656E-5	-0.00155107897435649	1.52928117868096E-5	-0.00394079330704654	3.88206294497903E-5	-0.00389678328067382	1.48911214340668E-5	-0.00987377033316009	3.76030647217188E-5	-0.00753924387910885	6.37014807896918E-5	-0.0190294891474679	1.59550438012526E-4	240
255	-4.00703406039954E-4	8.3559763793366E-6	-0.00101949411946053	2.12541463888178E-5	-0.00206998068849473	1.48988529133502E-5	-0.00525630828864139	3.77911794400949E-5	-0.00398953509432605	3.02010746054669E-5	-0.0101078104987346	7.62113303495724E-5	-0.00777392177945911	5.66144648286659E-5	-0.019617043735938	1.41737183951062E-4	255
270	-4.58973900042184E-4	9.51417492925441E-6	-0.00116767836497535	2.41967436110259E-5	-0.00230936010361869	1.50254220773136E-5	-0.00586270052006281	3.80970802835508E-5	-0.00422624280336091	3.92895730166832E-5	-0.010704888660677	9.90908191077549E-5	-0.00820507210882297	5.20550391581695E-5	-0.0206957510768449	1.3021187414522E-4	270
285	-4.3323901677702E-4	1.08353483791493E-5	-0.0011022357315234	2.75572578964857E-5	-0.00211564308555761	1.49467187217267E-5	-0.0053720029625733	3.79095985170308E-5	-0.0041417734603929	3.17653384175882E-5	-0.0104918546450637	8.01324349713252E-5	-0.00839330246480368	4.39658167929519E-5	-0.0211663863443008	1.099460083987E-4	285
300	-3.39881402448672E-4	1.02782192063702E-5	-8.64802026878592E-4	2.61450974988905E-5	-0.00153414913479133	1.51410900443971E-5	-0.00389784890975344	3.84371079378308E-5	-0.00430852247263013	1.87367686755307E-5	-0.0109123641810597	4.72640836208748E-5	-0.00734819090692619	6.28865970578469E-5	-0.0185509445885987	1.57572140009391E-4	300
315	-2.10238221209731E-4	1.08720737436676E-5	-5.35007434216997E-4	2.76621394902904E-5	-0.00137427020210276	1.82577623631365E-5	-0.00349222354944534	4.63509581339732E-5	-0.00259743630580765	3.71203322138002E-5	-0.0065903701532862	9.3935511142973E-5	-0.00500355052870994	6.87840101648714E-5	-0.0126626100791011	1.73181827262371E-4	305
330	-1.08026509421165E-4	1.10466039303823E-5	-2.74931742471183E-4	2.81115360450166E-5	-0.00124829049403792	1.83547353606577E-5	-0.0031725077442424	4.66071875809448E-5	-0.00101784746938011	1.65077802291502E-5	-0.00258680184943881	4.19149332943528E-5	-0.00232836714731861	2.39613874575035E-5	-0.00590890213769653	6.0681757660935E-5	307.5
345	-2.23402090710988E-5	1.22550907097259E-5	-5.68618090822537E-5	3.11918804676689E-5	-0.00113673395245313	2.6086546819697E-5	-0.00288932532448553	6.6240177180673E-5	-2.1190150692487E-4	1.76516654694377E-5	-5.38988934673809E-4	4.48896855949419E-5	-5.15136158937576E-4	2.39406566088875E-5	-0.00130978135681355	6.08431741373699E-5	310
360	-4.01323094527547E-6	1.20713516708068E-5	-1.02149421646595E-5	3.07253020072372E-5	-0.00107399305439586	2.1551171190031E-5	-0.00273003073162961	5.47349352921706E-5	8.15519350107555E-5	1.21514295650586E-5	2.07497630016471E-4	3.09196205474902E-5	-3.73056862015492E-5	1.47054881829655E-5	-9.4900480164394E-5	3.74078003307151E-5	312.5
													-9.9777322788916E-4	2.09520725142143E-5	-0.00253648602817756	5.32215995488011E-5																									315
													-8.92344279431436E-4	2.46005706005374E-5	-0.00226871991970106	6.24974191365332E-5																									317.5
													-7.2208992174188E-4	2.44653911734159E-5	-0.00183618714054501	6.2174202005443E-5																									320
													-4.69860971502483E-4	2.34915252997467E-5	-0.00119511429346476	5.97283457085027E-5																									330
													-1.70279433015477E-5	2.24132543920958E-5	-4.33318976079536E-5	5.70353875081219E-5																									360
